100 0.0010478999975020997 0.0001
600 0.028202600002259715 0.0036
1100 0.07103089999873191 0.0121
1600 0.1461699999999837 0.0256
2100 0.3051582000007329 0.0441
2600 0.44691640000019106 0.06760000000000001
3100 0.5665883000001486 0.0961
3600 0.7620662000008451 0.1296
4100 1.2427356000007421 0.1681
4600 1.660144900000887 0.2116
5100 1.7584231000000727 0.2601
5600 1.9797776000013982 0.3136
6100 2.7370423000029405 0.3721
6600 2.549255499998253 0.4356
7100 3.3357348999998067 0.5041
7600 3.800739500002237 0.5776
8100 4.042587100000674 0.6561
8600 4.310015699997166 0.7396
9100 5.223901599998499 0.8281000000000001
9600 5.559317100000044 0.9216
